               [38;2;2;1;1m▄[0m   [38;2;2;1;1m▄[48;2;2;1;1m▀[49m▄[0m                      [0m
             [38;2;2;1;1m▄[48;2;2;1;1m▀[38;2;148;112;82m[48;2;148;112;82m▀[38;2;2;1;1m[48;2;2;1;1m▀[49m▄[48;2;2;1;1m▀[48;2;148;112;82m▀[38;2;148;112;82m▀[38;2;2;1;1m▀[48;2;2;1;1m▀[0m                     [0m
           [38;2;2;1;1m▄[48;2;2;1;1m▀[48;2;148;112;82m▀[38;2;148;112;82m▀▀[48;2;2;1;1m▀[38;2;2;1;1m▀[38;2;148;112;82m[48;2;204;173;125m▀▀[48;2;148;112;82m▀▀▀[38;2;2;1;1m▀[49m▄▄[0m                  [0m
         [38;2;2;1;1m▄[48;2;2;1;1m▀[38;2;148;112;82m▀▀[38;2;222;134;144m[48;2;222;134;144m▀▀▀[38;2;2;1;1m[48;2;2;1;1m▀[38;2;204;173;125m[48;2;233;212;167m▀▀▀[48;2;204;173;125m▀▀[48;2;233;212;167m▀▀▀[38;2;2;1;1m▀▀[48;2;2;1;1m▀[49m▄[0m               [0m
       [38;2;2;1;1m▄[48;2;233;212;167m▀▀[38;2;233;212;167m▀▀▀[38;2;2;1;1m[48;2;204;173;125m▀▀[48;2;2;1;1m▀▀[38;2;233;212;167m▀▀▀▀▀▀▀▀[48;2;233;212;167m▀▀▀[38;2;2;1;1m▀[48;2;2;1;1m▀[49m▄[0m             [0m
      [38;2;2;1;1m[48;2;2;1;1m▀[38;2;233;212;167m[48;2;233;212;167m▀▀▀▀▀[48;2;204;173;125m▀[38;2;204;173;125m[48;2;233;212;167m▀[38;2;233;212;167m▀▀▀▀[38;2;2;1;1m▀[38;2;233;212;167m[48;2;2;1;1m▀[48;2;233;212;167m▀▀▀▀[38;2;2;1;1m▀▀[38;2;233;212;167m[48;2;2;1;1m▀▀[48;2;233;212;167m▀▀[38;2;2;1;1m[48;2;204;173;125m▀[49m▄[0m            [0m
     [38;2;2;1;1m▄[48;2;2;1;1m▀[38;2;204;173;125m[48;2;204;173;125m▀[38;2;233;212;167m[48;2;233;212;167m▀▀▀[48;2;204;173;125m▀[38;2;204;173;125m[48;2;233;212;167m▀[38;2;233;212;167m▀▀▀▀▀▀▀[38;2;2;1;1m[48;2;2;1;1m▀[38;2;233;212;167m[48;2;233;212;167m▀▀▀▀▀▀[38;2;2;1;1m▀[48;2;2;1;1m▀[38;2;204;173;125m▀[38;2;233;212;167m[48;2;148;112;82m▀[38;2;2;1;1m[48;2;2;1;1m▀[0m            [0m
    [38;2;2;1;1m▄[48;2;233;212;167m▀[38;2;233;212;167m▀[38;2;2;1;1m[48;2;2;1;1m▀[38;2;204;173;125m[48;2;204;173;125m▀[38;2;233;212;167m[48;2;233;212;167m▀▀[38;2;204;173;125m[48;2;204;173;125m▀[38;2;233;212;167m[48;2;233;212;167m▀▀▀▀▀▀▀▀[38;2;2;1;1m[48;2;2;1;1m▀[38;2;233;212;167m[48;2;233;212;167m▀▀▀▀▀▀▀▀[38;2;2;1;1m[48;2;2;1;1m▀[38;2;148;112;82m▀[38;2;2;1;1m▀▀[49m▄[0m          [0m
   [38;2;2;1;1m[48;2;2;1;1m▀[48;2;233;212;167m▀[38;2;233;212;167m▀▀[38;2;2;1;1m[48;2;2;1;1m▀[38;2;204;173;125m[48;2;204;173;125m▀[38;2;233;212;167m[48;2;233;212;167m▀▀[38;2;204;173;125m▀[38;2;233;212;167m[48;2;204;173;125m▀[48;2;233;212;167m▀▀▀▀▀▀▀[38;2;2;1;1m[48;2;2;1;1m▀[38;2;233;212;167m▀▀[48;2;233;212;167m▀▀▀▀▀▀▀[38;2;2;1;1m[48;2;2;1;1m▀[38;2;233;212;167m▀[38;2;2;1;1m[48;2;233;212;167m▀[48;2;2;1;1m▀[49m▄[0m         [0m
   [38;2;2;1;1m[48;2;2;1;1m▀[38;2;233;212;167m[48;2;233;212;167m▀▀▀[38;2;2;1;1m[48;2;2;1;1m▀[38;2;233;212;167m[48;2;233;212;167m▀[38;2;204;173;125m▀[38;2;233;212;167m[48;2;204;173;125m▀[48;2;233;212;167m▀[38;2;204;173;125m▀[38;2;233;212;167m[48;2;204;173;125m▀[48;2;233;212;167m▀▀[38;2;204;173;125m[48;2;204;173;125m▀[38;2;233;212;167m▀[48;2;233;212;167m▀[48;2;2;1;1m▀[38;2;2;1;1m▀[38;2;238;230;224m▀[48;2;238;230;224m▀[38;2;2;1;1m[48;2;2;1;1m▀[38;2;233;212;167m▀▀[48;2;233;212;167m▀▀▀▀▀[38;2;2;1;1m[48;2;2;1;1m▀[38;2;233;212;167m[48;2;233;212;167m▀▀[38;2;2;1;1m[48;2;2;1;1m▀[0m         [0m
   [38;2;2;1;1m[48;2;2;1;1m▀[38;2;233;212;167m[48;2;233;212;167m▀▀▀[48;2;2;1;1m▀[38;2;2;1;1m[48;2;238;230;224m▀[38;2;233;212;167m[48;2;2;1;1m▀[48;2;233;212;167m▀[38;2;204;173;125m▀[38;2;233;212;167m[48;2;204;173;125m▀[38;2;204;173;125m▀[38;2;233;212;167m[48;2;2;1;1m▀▀[38;2;204;173;125m▀[38;2;148;112;82m▀[38;2;2;1;1m[48;2;249;243;253m▀[38;2;249;243;253m[48;2;226;168;64m▀▀▀[38;2;2;1;1m[48;2;249;243;253m▀▀[48;2;2;1;1m▀[38;2;233;212;167m▀[48;2;233;212;167m▀▀[38;2;148;112;82m▀[48;2;148;112;82m▀[38;2;233;212;167m[48;2;233;212;167m▀[38;2;2;1;1m▀[38;2;233;212;167m[48;2;2;1;1m▀▀[38;2;2;1;1m[49m▀[0m         [0m
   [38;2;2;1;1m[48;2;2;1;1m▀[38;2;233;212;167m▀[48;2;233;212;167m▀[38;2;2;1;1m[48;2;2;1;1m▀[38;2;238;230;224m[48;2;238;230;224m▀[48;2;2;1;1m▀[38;2;2;1;1m[48;2;249;243;253m▀[48;2;204;111;58m▀[38;2;233;212;167m[48;2;2;1;1m▀[38;2;2;1;1m[48;2;238;230;224m▀▀[38;2;238;230;224m▀▀▀▀[38;2;226;168;64m[48;2;226;168;64m▀[48;2;146;70;40m▀[38;2;146;70;40m▀▀[38;2;226;168;64m▀[38;2;249;243;253m[48;2;226;168;64m▀[38;2;2;1;1m[48;2;2;1;1m▀[38;2;238;230;224m[48;2;238;230;224m▀[38;2;2;1;1m[48;2;2;1;1m▀[38;2;233;212;167m[48;2;233;212;167m▀▀▀▀▀[48;2;2;1;1m▀[38;2;2;1;1m[49m▀[0m          [0m
    [38;2;2;1;1m▀[48;2;2;1;1m▀[38;2;238;230;224m▀[38;2;2;1;1m▀[38;2;249;243;253m[48;2;249;243;253m▀[38;2;204;111;58m[48;2;204;111;58m▀[48;2;147;38;52m▀[38;2;147;38;52m▀[38;2;238;230;224m[48;2;249;243;253m▀[48;2;238;230;224m▀▀▀▀[38;2;226;168;64m[48;2;226;168;64m▀▀[38;2;146;70;40m[48;2;146;70;40m▀[38;2;249;243;253m[48;2;249;243;253m▀▀[38;2;146;70;40m[48;2;146;70;40m▀[38;2;226;168;64m[48;2;226;168;64m▀[38;2;249;243;253m[48;2;249;243;253m▀[38;2;2;1;1m[48;2;2;1;1m▀[38;2;238;230;224m[48;2;238;230;224m▀[38;2;2;1;1m[48;2;2;1;1m▀[38;2;233;212;167m[48;2;233;212;167m▀▀▀[38;2;2;1;1m[48;2;2;1;1m▀[0m            [0m
       [38;2;2;1;1m[48;2;2;1;1m▀[38;2;249;243;253m[48;2;249;243;253m▀[38;2;204;111;58m▀[48;2;204;111;58m▀[38;2;147;38;52m[48;2;147;38;52m▀[38;2;249;243;253m▀[38;2;238;230;224m[48;2;238;230;224m▀▀▀▀▀[38;2;226;168;64m[48;2;226;168;64m▀[38;2;146;70;40m▀[38;2;249;243;253m[48;2;146;70;40m▀▀[38;2;146;70;40m▀[38;2;226;168;64m[48;2;249;243;253m▀[38;2;249;243;253m[48;2;2;1;1m▀[38;2;2;1;1m[48;2;238;230;224m▀[38;2;238;230;224m[48;2;2;1;1m▀[38;2;2;1;1m▀[38;2;233;212;167m[48;2;233;212;167m▀▀[48;2;2;1;1m▀[38;2;2;1;1m[48;2;249;243;253m▀▀▀[48;2;2;1;1m▀[49m▄[0m  [38;2;2;1;1m▄[0m     [0m
     [38;2;2;1;1m▄[48;2;233;212;167m▀[48;2;2;1;1m▀▀[38;2;249;243;253m▀[38;2;204;111;58m[48;2;238;230;224m▀▀[38;2;238;230;224m▀[48;2;234;194;180m▀▀[48;2;238;230;224m▀▀▀▀▀▀▀▀▀[48;2;2;1;1m▀[38;2;2;1;1m[48;2;233;212;167m▀[38;2;233;212;167m▀[38;2;2;1;1m[48;2;2;1;1m▀[38;2;233;212;167m▀[38;2;2;1;1m[48;2;249;243;253m▀[38;2;249;243;253m[48;2;121;122;122m▀[48;2;249;243;253m▀▀▀▀[38;2;2;1;1m[48;2;2;1;1m▀[49m▄[48;2;208;77;77m▀[38;2;208;77;77m▀[38;2;2;1;1m[48;2;2;1;1m▀[0m    [0m
    [38;2;2;1;1m▀[38;2;233;212;167m[48;2;2;1;1m▀[48;2;233;212;167m▀[38;2;2;1;1m[48;2;2;1;1m▀[38;2;238;230;224m▀[48;2;238;230;224m▀▀▀▀▀▀▀▀▀▀▀▀▀▀[38;2;2;1;1m[48;2;2;1;1m▀[38;2;233;212;167m▀[48;2;233;212;167m▀▀[38;2;2;1;1m[48;2;2;1;1m▀[38;2;249;243;253m[48;2;249;243;253m▀▀▀[38;2;121;122;122m▀[38;2;249;243;253m[48;2;121;122;122m▀▀[48;2;249;243;253m▀[38;2;2;1;1m[48;2;2;1;1m▀[38;2;208;77;77m[48;2;208;77;77m▀▀[48;2;2;1;1m▀[38;2;2;1;1m[49m▀[0m    [0m
 [38;2;2;1;1m▄[48;2;233;212;167m▀▀[49m▄▀[38;2;233;212;167m[48;2;2;1;1m▀[38;2;2;1;1m[48;2;238;230;224m▀[38;2;238;230;224m▀[38;2;2;1;1m[48;2;2;1;1m▀[48;2;238;230;224m▀▀[38;2;238;230;224m[48;2;2;1;1m▀▀▀▀▀▀▀▀▀[38;2;2;1;1m[48;2;249;243;253m▀[48;2;2;1;1m▀[0m [38;2;2;1;1m▀[38;2;233;212;167m[48;2;2;1;1m▀▀[38;2;2;1;1m[49m▀[48;2;2;1;1m▀[38;2;249;243;253m▀[38;2;194;98;100m▀[38;2;249;243;253m[48;2;249;243;253m▀▀[48;2;2;1;1m▀[38;2;2;1;1m▀[49m▀▀▀[0m [38;2;2;1;1m▄[48;2;2;1;1m▀[49m▄[0m  [0m
[38;2;2;1;1m[48;2;2;1;1m▀[38;2;233;212;167m[48;2;233;212;167m▀▀▀▀[38;2;2;1;1m[48;2;2;1;1m▀[48;2;208;77;77m▀▀[48;2;2;1;1m▀[48;2;238;230;224m▀[38;2;238;230;224m▀▀▀[48;2;62;63;73m▀[38;2;62;63;73m▀▀▀▀[38;2;2;1;1m[48;2;2;1;1m▀[38;2;249;243;253m▀▀[48;2;249;243;253m▀[48;2;2;1;1m▀[38;2;2;1;1m[48;2;148;112;82m▀▀[49m▄▄[48;2;62;63;73m▀[38;2;233;212;167m[48;2;2;1;1m▀▀[38;2;2;1;1m[48;2;233;212;167m▀▀[48;2;2;1;1m▀[0m [38;2;2;1;1m▄[48;2;208;77;77m▀▀▀[48;2;2;1;1m▀[48;2;233;212;167m▀[38;2;233;212;167m▀[38;2;2;1;1m▀[48;2;2;1;1m▀[0m [0m
[38;2;2;1;1m[48;2;2;1;1m▀[38;2;233;212;167m[48;2;233;212;167m▀▀[48;2;2;1;1m▀[38;2;2;1;1m[48;2;208;77;77m▀[38;2;208;77;77m[48;2;126;50;58m▀[48;2;208;77;77m▀▀[38;2;2;1;1m[48;2;2;1;1m▀[38;2;238;230;224m▀▀▀▀[38;2;62;63;73m▀[48;2;62;63;73m▀▀▀[48;2;249;243;253m▀[38;2;249;243;253m▀[48;2;201;200;200m▀[38;2;2;1;1m▀[38;2;249;243;253m[48;2;2;1;1m▀[38;2;2;1;1m[48;2;249;243;253m▀[38;2;148;112;82m[48;2;148;112;82m▀[48;2;2;1;1m▀[38;2;2;1;1m[48;2;208;77;77m▀[38;2;208;77;77m[48;2;2;1;1m▀[38;2;2;1;1m▀[38;2;249;243;253m[48;2;249;243;253m▀[48;2;201;200;200m▀[38;2;2;1;1m▀[38;2;233;212;167m[48;2;2;1;1m▀[38;2;2;1;1m[48;2;233;212;167m▀▀[48;2;2;1;1m▀[38;2;208;77;77m[48;2;126;50;58m▀[38;2;126;50;58m[48;2;208;77;77m▀▀[38;2;2;1;1m▀▀[38;2;233;212;167m[48;2;2;1;1m▀[48;2;233;212;167m▀[38;2;204;173;125m▀[38;2;2;1;1m[48;2;2;1;1m▀[0m
 [38;2;2;1;1m▀▀[48;2;2;1;1m▀[38;2;208;77;77m[48;2;208;77;77m▀▀[38;2;126;50;58m▀[38;2;208;77;77m[48;2;2;1;1m▀[38;2;2;1;1m[48;2;233;212;167m▀[38;2;233;212;167m[48;2;2;1;1m▀[38;2;2;1;1m[48;2;249;243;253m▀▀▀▀[48;2;2;1;1m▀[38;2;62;63;73m[48;2;249;243;253m▀[38;2;249;243;253m▀[48;2;201;200;200m▀[38;2;201;200;200m▀[48;2;249;243;253m▀[38;2;249;243;253m▀[38;2;2;1;1m▀[38;2;249;243;253m▀[38;2;170;172;173m[48;2;2;1;1m▀[38;2;2;1;1m[48;2;62;63;73m▀[38;2;208;77;77m[48;2;2;1;1m▀[38;2;2;1;1m[48;2;249;243;253m▀[38;2;249;243;253m▀[38;2;2;1;1m[48;2;201;200;200m▀[38;2;201;200;200m[48;2;2;1;1m▀[38;2;2;1;1m[48;2;233;212;167m▀[38;2;233;212;167m▀▀▀▀[38;2;2;1;1m[48;2;2;1;1m▀[38;2;208;77;77m▀[48;2;208;77;77m▀▀[48;2;126;50;58m▀[38;2;2;1;1m[48;2;2;1;1m▀[38;2;233;212;167m[48;2;233;212;167m▀[48;2;2;1;1m▀[38;2;2;1;1m▀[0m
    [38;2;2;1;1m▀▀▀▀[48;2;2;1;1m▀[38;2;201;200;200m[48;2;249;243;253m▀▀[48;2;201;200;200m▀▀[38;2;249;243;253m▀[48;2;2;1;1m▀[38;2;2;1;1m▀[38;2;201;200;200m▀[48;2;249;243;253m▀[38;2;249;243;253m▀▀▀▀[48;2;2;1;1m▀[38;2;2;1;1m[48;2;249;243;253m▀[38;2;249;243;253m▀[38;2;2;1;1m[48;2;2;1;1m▀[49m▀[38;2;201;200;200m[48;2;2;1;1m▀▀[38;2;2;1;1m[48;2;233;212;167m▀[38;2;233;212;167m▀▀▀▀▀▀[38;2;2;1;1m[48;2;2;1;1m▀[38;2;126;50;58m[48;2;208;77;77m▀▀[38;2;208;77;77m▀[38;2;2;1;1m[48;2;2;1;1m▀[49m▀▀[0m [0m
        [38;2;2;1;1m▀[38;2;249;243;253m[48;2;2;1;1m▀[48;2;249;243;253m▀▀[48;2;2;1;1m▀[38;2;2;1;1m[49m▀[0m  [38;2;2;1;1m▀[48;2;2;1;1m▀[38;2;249;243;253m▀[48;2;249;243;253m▀▀[38;2;2;1;1m[48;2;2;1;1m▀[49m▀▀[38;2;0;0;0m▀[0m   [38;2;2;1;1m▀▀▀▀▀▀▀▀[0m [38;2;2;1;1m▀▀▀[0m    [0m
          [38;2;2;1;1m▀▀[0m       [38;2;2;1;1m▀▀[0m                       [0m
