           [38;2;5;4;5m▄[38;2;6;4;5m▄[48;2;6;4;5m▀[49m▄[0m                                 [0m
        [38;2;6;4;5m▄▄[48;2;202;67;90m▀[38;2;202;67;90m▀▀▀[38;2;5;3;4m[48;2;6;4;5m▀[0m    [38;2;6;4;5m▄▄[48;2;78;50;53m▀[48;2;136;117;107m▀[49m▄[0m    [38;2;6;4;5m▄▄[0m                  [0m
        [38;2;6;4;5m▀[38;2;202;67;90m[48;2;6;4;5m▀[48;2;202;67;90m▀▀▀▀[38;2;6;4;5m▀[49m▄[0m [38;2;6;4;5m▄[48;2;136;117;107m▀▀[38;2;136;117;107m[48;2;6;4;5m▀[38;2;78;50;53m[48;2;78;50;53m▀▀[38;2;136;117;107m[48;2;136;117;107m▀[38;2;6;4;5m▀[49m▄[48;2;136;117;107m▀▀[38;2;136;117;107m[48;2;78;50;53m▀[38;2;6;4;5m[48;2;136;117;107m▀[49m▄[0m         [38;2;6;4;5m▄▄[0m      [0m
          [38;2;6;4;5m▀[38;2;202;67;90m[48;2;6;4;5m▀[48;2;202;67;90m▀▀▀[38;2;6;4;5m[48;2;6;4;5m▀[48;2;136;117;107m▀[38;2;136;117;107m▀[48;2;6;4;5m▀[38;2;6;4;5m▀[38;2;78;50;53m[48;2;136;117;107m▀▀[48;2;6;4;5m▀▀[38;2;136;117;107m[48;2;78;50;53m▀[38;2;6;4;5m▀[38;2;78;50;53m▀▀▀[38;2;136;117;107m[48;2;136;117;107m▀▀[38;2;6;4;5m[48;2;6;4;5m▀[49m▄[0m     [38;2;6;4;5m▄[48;2;202;67;90m▀[38;2;202;67;90m▀▀[38;2;6;4;5m[48;2;6;4;5m▀[0m     [0m
          [38;2;202;62;93m▄[38;2;6;4;5m[48;2;6;4;5m▀[38;2;202;67;90m▀[38;2;6;4;5m▀[48;2;240;229;230m▀[38;2;136;117;107m▀[38;2;240;229;230m▀▀▀▀▀▀▀▀▀[38;2;78;50;53m▀▀[48;2;6;4;5m▀[48;2;78;50;53m▀[38;2;136;117;107m[48;2;136;117;107m▀▀▀[38;2;6;4;5m[48;2;6;4;5m▀[48;2;136;117;107m▀[49m▄▄[48;2;202;67;90m▀▀[38;2;202;67;90m▀▀▀▀▀[38;2;6;4;5m[48;2;6;4;5m▀[0m    [0m
        [38;2;202;62;93m▄▄[48;2;202;62;93m▀[38;2;199;67;99m▀[38;2;136;117;107m▀[38;2;240;229;230m[48;2;136;117;107m▀▀[38;2;136;117;107m▀▀[48;2;78;50;53m▀[38;2;78;50;53m▀[38;2;136;117;107m[48;2;136;117;107m▀▀▀▀[38;2;240;229;230m▀▀▀[48;2;240;229;230m▀▀[48;2;6;4;5m▀[38;2;136;117;107m[48;2;136;117;107m▀▀▀▀[38;2;6;4;5m▀[38;2;136;117;107m[48;2;6;4;5m▀[38;2;6;4;5m[48;2;136;117;107m▀[38;2;202;67;90m[48;2;6;4;5m▀[48;2;202;67;90m▀▀▀▀[48;2;6;4;5m▀▀▀[38;2;6;4;5m[49m▀[0m   [0m
        [38;2;6;4;5m▄[38;2;202;62;93m[48;2;240;229;230m▀▀[48;2;202;67;90m▀[48;2;136;117;107m▀▀[38;2;136;117;107m▀▀[38;2;78;50;53m[48;2;78;50;53m▀▀▀[38;2;136;117;107m[48;2;136;117;107m▀▀▀▀[48;2;6;4;5m▀[48;2;136;117;107m▀▀▀[48;2;6;4;5m▀[38;2;6;4;5m[48;2;202;67;90m▀[38;2;202;67;90m▀[38;2;136;117;107m[48;2;136;117;107m▀▀▀▀[38;2;6;4;5m▀[38;2;136;117;107m[48;2;6;4;5m▀[48;2;136;117;107m▀[38;2;6;4;5m[48;2;6;4;5m▀[48;2;202;67;90m▀▀▀[49m▄[0m      [0m
       [38;2;6;4;5m▄[48;2;240;229;230m▀[38;2;240;229;230m▀▀[38;2;136;117;107m[48;2;136;117;107m▀▀▀[48;2;6;4;5m▀[38;2;78;50;53m[48;2;78;50;53m▀▀▀▀[38;2;136;117;107m[48;2;136;117;107m▀▀▀[38;2;6;4;5m[48;2;6;4;5m▀[38;2;246;231;225m[48;2;246;231;225m▀[38;2;6;4;5m[48;2;6;4;5m▀[38;2;136;117;107m[48;2;136;117;107m▀[38;2;6;4;5m▀[38;2;202;67;90m[48;2;6;4;5m▀▀[48;2;240;229;230m▀[48;2;202;67;90m▀[48;2;136;117;107m▀[38;2;136;117;107m▀▀▀[38;2;6;4;5m▀[38;2;136;117;107m[48;2;6;4;5m▀[38;2;6;4;5m[48;2;136;117;107m▀[38;2;202;67;90m[48;2;6;4;5m▀[48;2;202;67;90m▀▀[38;2;6;4;5m[48;2;6;4;5m▀[0m      [0m
      [38;2;6;4;5m[48;2;6;4;5m▀[38;2;136;117;107m[48;2;136;117;107m▀▀[38;2;240;229;230m▀[38;2;136;117;107m▀▀▀[38;2;6;4;5m[48;2;6;4;5m▀[38;2;246;231;225m[48;2;246;231;225m▀[38;2;6;4;5m[48;2;6;4;5m▀[38;2;78;50;53m[48;2;78;50;53m▀▀▀[38;2;136;117;107m▀[48;2;136;117;107m▀▀[38;2;6;4;5m[48;2;6;4;5m▀[38;2;246;231;225m[48;2;78;50;53m▀▀[38;2;6;4;5m[48;2;6;4;5m▀[38;2;136;117;107m[48;2;136;117;107m▀▀[38;2;240;229;230m[48;2;240;229;230m▀▀[38;2;136;117;107m[48;2;136;117;107m▀▀▀▀▀▀▀[38;2;6;4;5m▀[48;2;6;4;5m▀[38;2;202;67;90m[48;2;202;67;90m▀[38;2;6;4;5m[48;2;6;4;5m▀[0m       [0m
  [38;2;6;4;5m▄▄▄[48;2;136;117;107m▀[38;2;136;117;107m▀▀▀[48;2;6;4;5m▀▀[38;2;6;4;5m[48;2;136;117;107m▀[38;2;136;117;107m[48;2;6;4;5m▀[38;2;6;4;5m▀[38;2;246;231;225m▀[38;2;6;4;5m[48;2;0;0;0m▀[38;2;136;117;107m[48;2;136;117;107m▀[38;2;78;50;53m▀▀[48;2;78;50;53m▀[38;2;136;117;107m▀[48;2;136;117;107m▀[38;2;6;4;5m[48;2;6;4;5m▀[38;2;246;231;225m[48;2;233;187;173m▀▀[48;2;246;231;225m▀[38;2;6;4;5m▀[38;2;136;117;107m[48;2;6;4;5m▀[38;2;240;229;230m[48;2;136;117;107m▀▀▀[38;2;136;117;107m▀▀▀▀▀▀▀▀[38;2;6;4;5m[48;2;6;4;5m▀▀[0m       [0m
[38;2;6;4;5m▀▀[38;2;136;117;107m[48;2;6;4;5m▀▀▀[48;2;136;117;107m▀▀▀▀[38;2;6;4;5m[48;2;6;4;5m▀[0m [38;2;6;4;5m▀[48;2;6;4;5m▀[38;2;255;255;255m[48;2;255;255;255m▀[38;2;211;82;66m[48;2;211;82;66m▀[38;2;6;4;5m[48;2;96;32;52m▀[38;2;136;117;107m[48;2;6;4;5m▀▀▀▀▀▀[38;2;6;4;5m[48;2;246;231;225m▀[38;2;246;231;225m[48;2;6;4;5m▀▀▀▀▀[38;2;6;4;5m▀[38;2;136;117;107m▀[38;2;6;4;5m[48;2;136;117;107m▀[38;2;136;117;107m▀▀▀▀▀▀▀▀▀[38;2;6;4;5m[48;2;6;4;5m▀[38;2;5;4;4m[49m▄[0m      [0m
    [38;2;6;4;5m▄[48;2;136;117;107m▀[38;2;136;117;107m▀▀▀[38;2;6;4;5m[48;2;6;4;5m▀[0m [38;2;6;4;5m▄[48;2;199;67;99m▀[38;2;255;255;255m[48;2;255;255;255m▀[38;2;211;82;66m[48;2;211;82;66m▀[38;2;96;32;52m[48;2;96;32;52m▀[38;2;255;255;255m▀[38;2;246;231;225m[48;2;246;231;225m▀▀▀▀▀[38;2;211;82;66m[48;2;211;82;66m▀[38;2;96;32;52m[48;2;96;32;52m▀[38;2;255;255;255m[48;2;255;255;255m▀▀[38;2;96;32;52m[48;2;96;32;52m▀[38;2;211;82;66m[48;2;211;82;66m▀[38;2;6;4;5m[48;2;136;117;107m▀[38;2;136;117;107m▀[38;2;6;4;5m[48;2;6;4;5m▀[38;2;136;117;107m▀[48;2;136;117;107m▀▀▀▀▀▀▀▀▀[38;2;6;4;5m▀[49m▄[0m     [0m
   [38;2;6;4;5m▀▀▀▀[38;2;136;117;107m[48;2;5;4;4m▀[48;2;6;4;5m▀[38;2;6;4;5m[48;2;246;209;184m▀▀▀[48;2;246;231;225m▀[38;2;246;231;225m[48;2;6;4;5m▀[48;2;246;231;225m▀▀[38;2;233;187;173m[48;2;233;187;173m▀[38;2;246;231;225m▀[48;2;246;231;225m▀▀▀▀[38;2;211;82;66m▀[38;2;96;32;52m[48;2;211;82;66m▀[48;2;96;32;52m▀▀[48;2;211;82;66m▀[38;2;211;82;66m[48;2;6;4;5m▀[38;2;6;4;5m▀[48;2;78;50;53m▀▀[38;2;0;0;0m▀[38;2;136;117;107m[48;2;6;4;5m▀[48;2;136;117;107m▀▀▀▀▀▀▀▀▀[38;2;6;4;5m▀[48;2;6;4;5m▀[0m    [0m
       [38;2;6;4;5m▄[38;2;0;0;0m[48;2;246;231;225m▀[38;2;246;231;225m▀▀▀[38;2;246;209;184m▀[38;2;6;4;5m[48;2;6;4;5m▀[38;2;246;231;225m▀[48;2;246;231;225m▀▀▀▀▀▀▀▀▀▀[48;2;6;4;5m▀[38;2;6;4;5m[48;2;78;50;53m▀[38;2;78;50;53m▀▀▀▀▀[38;2;0;0;0m▀[38;2;136;117;107m[48;2;6;4;5m▀[48;2;136;117;107m▀▀▀▀▀▀▀▀▀▀[38;2;6;4;5m▀[49m▄[0m  [0m
       [38;2;6;4;5m▀[38;2;246;231;225m[48;2;6;4;5m▀[48;2;246;231;225m▀▀▀▀[38;2;6;4;5m[48;2;6;4;5m▀[0m [38;2;6;4;5m▀▀[38;2;246;231;225m[48;2;6;4;5m▀[48;2;246;231;225m▀[38;2;209;134;147m[48;2;209;134;147m▀▀▀[48;2;246;231;225m▀[38;2;246;231;225m▀▀[48;2;6;4;5m▀[38;2;6;4;5m▀[48;2;78;50;53m▀[38;2;78;50;53m▀▀▀▀[48;2;6;4;5m▀[38;2;0;0;0m[48;2;77;65;57m▀▀[38;2;136;117;107m[48;2;6;4;5m▀▀[48;2;0;0;0m▀[48;2;136;117;107m▀[38;2;6;4;5m[48;2;6;4;5m▀[49m▀▀▀▀▀▀[0m  [0m
        [38;2;6;4;5m[48;2;6;4;5m▀[38;2;240;229;230m[48;2;240;229;230m▀▀▀▀▀[38;2;0;0;0m▀[49m▄[0m [38;2;6;4;5m▄[48;2;240;229;230m▀▀[48;2;116;109;123m▀▀[48;2;223;188;94m▀[48;2;116;109;123m▀[48;2;6;4;5m▀[38;2;240;229;230m[48;2;116;109;123m▀[38;2;6;4;5m[48;2;6;4;5m▀[38;2;78;50;53m[48;2;78;50;53m▀▀▀[48;2;6;4;5m▀[38;2;6;4;5m[48;2;77;65;57m▀▀[38;2;77;65;57m[48;2;0;0;0m▀▀[38;2;0;0;0m[48;2;136;117;107m▀[38;2;136;117;107m▀▀[38;2;6;4;5m[48;2;0;0;0m▀[0m         [0m
        [38;2;6;4;5m▀[38;2;240;229;230m[48;2;6;4;5m▀[48;2;240;229;230m▀▀▀▀▀▀[38;2;0;0;0m[48;2;0;0;0m▀[38;2;116;109;123m[48;2;240;229;230m▀[48;2;116;109;123m▀[38;2;240;229;230m[48;2;6;4;5m▀[38;2;116;109;123m▀[38;2;223;188;94m[48;2;223;188;94m▀[38;2;246;231;225m[48;2;246;231;225m▀[38;2;223;188;94m▀[38;2;116;109;123m[48;2;223;188;94m▀[38;2;6;4;5m[48;2;6;4;5m▀[38;2;78;50;53m[48;2;78;50;53m▀[48;2;6;4;5m▀▀[38;2;0;0;0m[48;2;199;67;99m▀[38;2;77;65;57m[48;2;0;0;0m▀[48;2;77;65;57m▀▀[38;2;6;4;5m▀[38;2;136;117;107m[48;2;6;4;5m▀[48;2;136;117;107m▀▀▀[38;2;6;4;5m▀[38;2;0;0;0m[49m▄[38;2;6;4;5m▄▄[38;2;0;0;0m▄[0m     [0m
          [38;2;6;4;5m▀[38;2;0;0;0m▀[38;2;240;229;230m[48;2;6;4;5m▀[48;2;240;229;230m▀▀▀[38;2;6;4;5m▀[38;2;240;229;230m▀[48;2;6;4;5m▀[38;2;6;4;5m[49m▀[0m [38;2;6;4;5m▀[38;2;246;231;225m[48;2;6;4;5m▀[38;2;240;229;230m[48;2;240;229;230m▀▀[38;2;6;4;5m▀[48;2;6;4;5m▀[38;2;240;229;230m[48;2;240;229;230m▀▀[38;2;199;67;99m▀[48;2;199;67;99m▀[38;2;6;4;5m▀[38;2;77;65;57m[48;2;6;4;5m▀[48;2;77;65;57m▀▀[38;2;6;4;5m▀▀[38;2;136;117;107m[48;2;6;4;5m▀[48;2;136;117;107m▀▀▀▀[48;2;6;4;5m▀[38;2;6;4;5m[49m▀[0m    [0m
             [38;2;6;4;5m▀[38;2;0;0;0m▀[38;2;240;229;230m[48;2;6;4;5m▀[48;2;240;229;230m▀[48;2;6;4;5m▀[38;2;6;4;5m[49m▀[0m    [38;2;6;4;5m[48;2;6;4;5m▀[38;2;240;229;230m▀▀▀[38;2;6;4;5m▀[38;2;240;229;230m[48;2;240;229;230m▀▀▀[38;2;199;67;99m[48;2;202;62;93m▀[38;2;202;62;97m[48;2;6;4;5m▀[38;2;0;0;0m[49m▀[38;2;77;65;57m[48;2;6;4;5m▀▀[38;2;6;4;5m[48;2;136;117;107m▀[38;2;136;117;107m▀▀[48;2;6;4;5m▀[48;2;0;0;0m▀[38;2;6;4;5m[49m▀[0m      [0m
                [38;2;6;4;5m▀▀[0m         [38;2;6;4;5m[48;2;6;4;5m▀[38;2;240;229;230m▀[38;2;6;4;5m[49m▀▀▀[0m    [38;2;6;4;5m▀▀[38;2;0;0;0m▀[0m         [0m
